921 (73.8), 1 (100.0), 922 (86.9), 76 (97.8), 2 (99.9), 78 (98.9), 13 (99.6), 4 (99.9), 17 (99.8), 11 (99.7), 2 (99.9), 13 (99.8), 
236 (93.3), 5 (99.9), 241 (96.6), 45 (98.7), 3 (99.9), 48 (99.3), 5 (99.9), 2 (99.9), 7 (99.9), 4 (99.9), 2 (99.9), 6 (99.9), 
374 (89.2), 5 (99.9), 379 (94.5), 59 (98.3), 5 (99.9), 64 (99.1), 5 (99.9), 0 (100.0), 5 (99.9), 8 (99.8), 0 (100.0), 8 (99.9), 
999 (71.2), 12 (99.7), 1011 (85.4), 61 (98.2), 9 (99.7), 70 (99.0), 9 (99.7), 3 (99.9), 12 (99.8), 9 (99.7), 3 (99.9), 12 (99.8), 
174 (94.9), 3 (99.9), 177 (97.4), 51 (98.5), 19 (99.4), 70 (99.0), 2 (99.9), 1 (100.0), 3 (100.0), 2 (99.9), 2 (99.9), 4 (99.9), 
193 (94.5), 10 (99.7), 203 (97.1), 39 (98.9), 21 (99.4), 60 (99.1), 7 (99.8), 1 (100.0), 8 (99.9), 6 (99.8), 2 (99.9), 8 (99.9), 
184 (94.6), 45 (98.7), 229 (96.6), 43 (98.7), 36 (98.9), 79 (98.8), 4 (99.9), 2 (99.9), 6 (99.9), 4 (99.9), 6 (99.8), 10 (99.9), 
637 (81.9), 306 (91.3), 943 (86.6), 85 (97.6), 93 (97.4), 178 (97.5), 6 (99.8), 2 (99.9), 8 (99.9), 6 (99.8), 7 (99.8), 13 (99.8), 
274 (91.9), 0 (100.0), 274 (96.0), 37 (98.9), 17 (99.5), 54 (99.2), 3 (99.9), 17 (99.5), 20 (99.7), 2 (99.9), 18 (99.5), 20 (99.7), 
201 (94.2), 41 (98.8), 242 (96.5), 39 (98.9), 50 (98.5), 89 (98.7), 18 (99.5), 11 (99.7), 29 (99.6), 18 (99.5), 12 (99.7), 30 (99.6), 
217 (93.8), 81 (97.7), 298 (95.7), 46 (98.7), 132 (96.2), 178 (97.4), 11 (99.7), 17 (99.5), 28 (99.6), 9 (99.7), 17 (99.5), 26 (99.6), 
405 (88.1), 651 (80.9), 1056 (84.5), 45 (98.7), 278 (91.9), 323 (95.3), 19 (99.4), 10 (99.7), 29 (99.6), 20 (99.4), 10 (99.7), 30 (99.6), 
183 (94.6), 1 (100.0), 184 (97.3), 45 (98.7), 34 (99.0), 79 (98.8), 9 (99.7), 8 (99.8), 17 (99.7), 8 (99.8), 9 (99.7), 17 (99.7), 
157 (95.5), 8 (99.8), 165 (97.6), 33 (99.0), 38 (98.9), 71 (99.0), 4 (99.9), 7 (99.8), 11 (99.8), 5 (99.9), 9 (99.7), 14 (99.8), 
193 (94.4), 443 (87.1), 636 (90.8), 51 (98.5), 153 (95.6), 204 (97.0), 5 (99.9), 8 (99.8), 13 (99.8), 8 (99.8), 9 (99.7), 17 (99.8), 
492 (85.9), 1462 (58.1), 1954 (72.0), 104 (97.0), 386 (88.9), 490 (93.0), 7 (99.8), 14 (99.6), 21 (99.7), 36 (99.0), 1124 (67.8), 1160 (83.4), 
5840 (89.4), 3074 (94.4), 8914 (83.9), 859 (98.4), 1276 (97.7), 2135 (96.1), 127 (99.8), 107 (99.8), 234 (99.6), 156 (99.7), 1232 (97.8), 1388 (97.5), 
